1.000000000000000000e+00
9.999767454899931574e-01
9.999069815811877371e-01
9.997907066921432051e-01
9.996279184714566002e-01
9.994186139180841755e-01
9.991627898324116908e-01
9.988604399377343235e-01
9.985115589285705751e-01
9.981161408036269833e-01
9.976741764653194178e-01
9.971856582921209133e-01
9.966505765950761653e-01
9.960689213420028665e-01
9.954406810476917888e-01
9.947658439975908262e-01
9.940443967433302275e-01
9.932763257492208675e-01
9.924616162857340385e-01
9.916002524295015608e-01
9.906922173338342796e-01
9.897374945198211815e-01
9.887360657731181224e-01
9.876879116810790560e-01
9.865930118070420640e-01
9.854513446903305773e-01
9.842628888911419960e-01
9.830276227073407869e-01
9.817455228362805819e-01
9.804165651261467218e-01
9.790407245760164301e-01
9.776179753721743193e-01
9.761482911501969673e-01
9.746316446156363389e-01
9.730680076123120470e-01
9.714573511671277251e-01
9.697996454900704721e-01
9.680948600486658506e-01
9.663429642368780437e-01
9.645439258158662321e-01
9.626977121009726579e-01
9.608042896127452215e-01
9.588636241244743452e-01
9.568756811112328897e-01
9.548404251801826392e-01
9.527578201437033600e-01
9.506278291304635086e-01
9.484504145984484769e-01
9.462255383479871718e-01
9.439531615347801496e-01
9.416332448489180829e-01
9.392657484936525192e-01
9.368506319698940432e-01
9.343878542246811802e-01
9.318773736672867347e-01
9.293191481852112190e-01
9.267131351601757272e-01
9.240592914849937722e-01
9.213575735828732904e-01
9.186079374175653012e-01
9.158103385112136285e-01
9.129647319608031886e-01
9.100710724542004915e-01
9.071293142861950320e-01
9.041394113814148481e-01
9.011013176305247008e-01
8.980149866127947744e-01
8.948803715053160746e-01
8.916974252278503377e-01
8.884661004630552972e-01
8.851863496767105044e-01
8.818581251379423724e-01
8.784813791492908086e-01
8.750560642928334465e-01
8.715821327755379766e-01
8.680595367517915939e-01
8.644882283638013476e-01
8.608681597678262687e-01
8.571992831604084984e-01
8.534815508627630054e-01
8.497149159452468403e-01
8.458993314567502253e-01
8.420347505551946110e-01
8.381211266693360251e-01
8.341584135323714122e-01
8.301465652155435304e-01
8.260855361617474024e-01
8.219752817553185320e-01
8.178157582113710911e-01
8.136069219218464710e-01
8.093487299065382778e-01
8.050411398561189147e-01
8.006841101750620249e-01
7.962776000245657126e-01
7.918215695910235663e-01
7.873159809252113783e-01
7.827607965485402497e-01
7.781559799654329534e-01
7.735014958121515516e-01
7.687973099114490116e-01
7.640433893272211563e-01
7.592397024470015632e-01
7.543862201755645591e-01
7.494829149121142731e-01
7.445297602702118933e-01
7.395267315736320235e-01
7.344738059257522877e-01
7.293709622789431579e-01
7.242181815039570036e-01
7.190154469995452269e-01
7.137627453801729249e-01
7.084600649274017670e-01
7.031073963690178674e-01
6.977047330043060214e-01
6.922520707989603395e-01
6.867494086824929012e-01
6.811967491810543285e-01
6.755940975314899122e-01
6.699414621266245318e-01
6.642388546698424490e-01
6.584862902842970600e-01
6.526837878379949665e-01
6.468313711913398212e-01
6.409290676398938791e-01
6.349769084529954810e-01
6.289749291574414647e-01
6.229231696715703537e-01
6.168216745675629831e-01
6.106704945670360374e-01
6.044696850336079841e-01
5.982193062852186882e-01
5.919194240235033933e-01
5.855701094956388131e-01
5.791714397182194940e-01
5.727234992141533310e-01
5.662263786756874806e-01
5.596801748723143621e-01
5.530849913055735367e-01
5.464409384038381168e-01
5.397481337318672523e-01
5.330067038394261658e-01
5.262167834191313620e-01
5.193785145339698817e-01
5.124920475887859705e-01
5.055575415640425341e-01
4.985751642495833691e-01
4.915450939958704302e-01
4.844675198081646039e-01
4.773426395547197276e-01
4.701706613569078819e-01
4.629518038692087556e-01
4.556862965585266045e-01
4.483743812513880656e-01
4.410163133656176404e-01
4.336123590407156003e-01
4.261627968906759323e-01
4.186679183730235287e-01
4.111280281208095078e-01
4.035434456126330560e-01
3.959145058727186473e-01
3.882415587413473590e-01
3.805249682126549682e-01
3.727651138901598160e-01
3.649623913501098826e-01
3.571172131617535439e-01
3.492300119893532728e-01
3.413012368556838094e-01
3.333313548512236713e-01
3.253208519750432903e-01
3.172702336916447541e-01
3.091800255056073587e-01
3.010507738365911790e-01
2.928830472087862180e-01
2.846774357548295109e-01
2.764345523222160317e-01
2.681550332117228486e-01
2.598395388963419261e-01
2.514887547602315809e-01
2.431033910268739218e-01
2.346841827021648452e-01
2.262318922486412920e-01
2.177473094549038368e-01
2.092312521182448926e-01
2.006845667938069733e-01
1.921081301554198317e-01
1.835028491945019380e-01
1.748696619430742671e-01
1.662095384162399214e-01
1.575234814276882944e-01
1.488125271546818229e-01
1.400777455245572345e-01
1.313202418790459514e-01
1.225411574782430679e-01
1.137416703116360256e-01
1.049229959242267696e-01
9.608638779228664828e-02
8.723313850773267708e-02
7.836458074947745545e-02
6.948208799160157656e-02
6.058707535248659265e-02
5.168100016678126019e-02
4.276536208804264383e-02
3.384170510742127991e-02
2.491161796847123078e-02
1.597673492985780819e-02
7.038736560492316052e-03
-1.900650753396238013e-03
-1.083965335301422667e-02
-1.977644890751810436e-02
-2.870916618342479049e-02
-3.763588434367890617e-02
-4.655463262866606222e-02
-5.546339131268364364e-02
-6.436008924394355513e-02
-7.324260384949880798e-02
-8.210876081311413444e-02
-9.095633413947429302e-02
-9.978304586052182124e-02
-1.085865652104206630e-01
-1.173645086262602305e-01
-1.261144397038264087e-01
-1.348338707995536678e-01
-1.435202614052308867e-01
-1.521710183127993610e-01
-1.607834960029651539e-01
-1.693549975993944023e-01
-1.778827762069169482e-01
-1.863640335201476039e-01
-1.947959210924877227e-01
-2.031755410558727659e-01
-2.114999486300387643e-01
-2.197661519806465291e-01
-2.279711127699741990e-01
-2.361117477661563435e-01
-2.441849306090508875e-01
-2.521874949889540418e-01
-2.601162340159119957e-01
-2.679679026293634303e-01
-2.757392196172134269e-01
-2.834268710021440874e-01
-2.910275121942513810e-01
-2.985377692273876171e-01
-3.059542419686934744e-01
-3.132735070268121147e-01
-3.204921220753007005e-01
-3.276066275792188787e-01
-3.346135502611178314e-01
-3.415094067465419547e-01
-3.482907074708178063e-01
-3.549539608672693247e-01
-3.614956768469549941e-01
-3.679123712091654230e-01
-3.742005694612680622e-01
-3.803568113859583932e-01
-3.863776559481118533e-01
-3.922596858430306699e-01
-3.979995119996864728e-01
-4.035937788542395266e-01
-4.090391694870563200e-01
-4.143324104619645065e-01
-4.194702759111688106e-01
-4.244495942604399885e-01
-4.292672532716673706e-01
-4.339202045432151711e-01
-4.384054683783680795e-01
-4.427201405725436079e-01
-4.468613973332885569e-01
-4.508264987277224578e-01
-4.546127948903950222e-01
-4.582177320069920623e-01
-4.616388568021893013e-01
-4.648738191413122611e-01
-4.679203792151699903e-01
-4.707764121278852354e-01
-4.734399114078273185e-01
-4.759089913621964985e-01
-4.781818941340236773e-01
-4.802569928662005494e-01
-4.821327935327794356e-01
-4.838079381766889342e-01
-4.852812099396903167e-01
-4.865515351329519067e-01
-4.876179834417454506e-01
-4.884797717192379540e-01
-4.891362663616347084e-01
-4.895869842531977989e-01
-4.898315922288918878e-01
-4.898699094097235807e-01
-4.897019073721560756e-01
-4.893277101725545530e-01
-4.887475941442151472e-01
-4.879619873702399357e-01
-4.869714682336577782e-01
-4.857767642603892377e-01
-4.843787506958830980e-01
-4.827784485681393400e-01
-4.809770224755735013e-01
-4.789757777834543484e-01
-4.767761579291981966e-01
-4.743797415226169711e-01
-4.717882384699170761e-01
-4.690034864814764948e-01
-4.660274478921959673e-01
-4.628622046901850751e-01
-4.595099542969449113e-01
-4.559730060414423636e-01
-4.522537756684336663e-01
-4.483547803597751624e-01
-4.442786348928733919e-01
-4.400280460963316709e-01
-4.356058071590769298e-01
-4.310147933990622349e-01
-4.262579571373713572e-01
-4.213383213987052511e-01
-4.162589753445897212e-01
-4.110230697606708783e-01
-4.056338103989889921e-01
-4.000944534045766110e-01
-3.944083014558893430e-01
-3.885786964136221378e-01
-3.826090144760637135e-01
-3.765026614267815153e-01
-3.702630717544131977e-01
-3.638936994578329531e-01
-3.573980136598975954e-01
-3.507794943693470779e-01
-3.440416305102618200e-01
-3.371879143452642946e-01
-3.302218368285533279e-01
-3.231468840582903956e-01
-3.159665333222478334e-01
-3.086842495274518816e-01
-3.013034816269257177e-01
-2.938276605269035113e-01
-2.862601951495661323e-01
-2.786044693586130494e-01
-2.708638393764649654e-01
-2.630416311803835949e-01
-2.551411380266179196e-01
-2.471656181778490446e-01
-2.391182929324928985e-01
-2.310023445671125497e-01
-2.228209145565228644e-01
-2.145771018343324010e-01
-2.062739612250288901e-01
-1.979145022851275248e-01
-1.895016880064608888e-01
-1.810384334448665311e-01
-1.725276050532335848e-01
-1.639720198667251050e-01
-1.553744444388229784e-01
-1.467375942509284714e-01
-1.380641336387973261e-01
-1.293566753233733047e-01
-1.206177794507244383e-01
-1.118499535586932325e-01
-1.030556530588757208e-01
-9.423728101950523683e-02
-8.539718749546729160e-02
-7.653766997437622122e-02
-6.766097404045064156e-02
-5.876929346817821864e-02
-4.986476976459441185e-02
-4.094949300839472589e-02
-3.202550263415281095e-02
-2.309478775219607483e-02
-1.415928689424187682e-02
-5.220889131149590578e-03
3.718565094808190009e-03
1.265728347992012282e-02
2.159352191366017623e-02
3.052558319793296365e-02
3.945181620795509825e-02
4.837061527643005815e-02
5.728042009768698206e-02
6.617971432862172765e-02
7.506702480521952603e-02
8.394092085487821209e-02
9.280001412295556251e-02
1.016429570127212051e-01
1.104684419360503211e-01
1.192752005401897381e-01
1.280620028687645684e-01
1.368276572666332624e-01
1.455710090989756900e-01
1.542909398011627631e-01
1.629863663523336559e-01
1.716562405946590875e-01
1.802995475528147984e-01
1.889153046479911113e-01
1.975025621181040192e-01
2.060604017432195179e-01
2.145879361624627168e-01
2.230843077866884183e-01
2.315486873706484594e-01
2.399802745860540876e-01
2.483782968557029514e-01
2.567420086459936690e-01
2.650706907070556895e-01
2.733636488734077497e-01
2.816202140249829955e-01
2.898397412891576264e-01
2.980216093390536392e-01
3.061652197506743445e-01
3.142699962001727076e-01
3.223353839933039144e-01
3.303608494823427888e-01
3.383458794404308745e-01
3.462899804881319765e-01
3.541926784016078966e-01
3.620535175899881608e-01
3.698720606520427556e-01
3.776478877900272257e-01
3.853805962938627871e-01
3.930697999873699056e-01
4.007151286787373756e-01
4.083162277946933427e-01
4.158727578609411890e-01
4.233843940419041441e-01
4.308508256709641104e-01
4.382717557308281053e-01
4.456469005527705640e-01
4.529759893651567615e-01
4.602587638839466533e-01
4.674949779226163504e-01
4.746843969968058685e-01
4.818267977816677039e-01
4.889219679374928185e-01
4.959697057365065054e-01
5.029698196878051863e-01
5.099221282013657319e-01
5.168264592608516894e-01
5.236826500584653710e-01
5.304905467191344259e-01
5.372500040160924639e-01
5.439608850631577619e-01
5.506230610308825435e-01
5.572364108712355435e-01
5.638008210146733257e-01
5.703161851077073186e-01
5.767824038036274414e-01
5.831993844913304637e-01
5.895670410545000850e-01
5.958852936376575204e-01
6.021540684225060724e-01
6.083732974129690829e-01
6.145429182101537213e-01
6.206628738090600450e-01
6.267331123972077478e-01
6.327535871588180205e-01
6.387242560862649299e-01
6.446450818030854402e-01
6.505160313746103373e-01
6.563370761368138018e-01
6.621081915282632790e-01
6.678293569260509432e-01
6.735005554881380307e-01
6.791217740232623479e-01
6.846930028170217231e-01
6.902142354871564356e-01
6.956854688478111282e-01
7.011067027729227519e-01
7.064779400637027917e-01
7.117991863420337628e-01
7.170704499136731913e-01
7.222917416363898724e-01
7.274630748115016310e-01
7.325844650703497996e-01
7.376559302638994176e-01
7.426774903937839456e-01
7.476491675061364139e-01
7.525709855250736213e-01
7.574429701915820212e-01
7.622651489681822046e-01
7.670375509457569851e-01
7.717602067525860532e-01
7.764331484654373172e-01
7.810564095225737136e-01
7.856300246385257147e-01
7.901540298009275265e-01
7.946284624613069170e-01
7.990533609423694505e-01
8.034287645391297028e-01
8.077547134818839902e-01
8.120312488669091389e-01
8.162584125885489206e-01
8.204362472725601485e-01
8.245647962106011919e-01
8.286441032957314601e-01
8.326742129764562739e-01
8.366551706226454943e-01
8.405870219851182545e-01
8.444698130951849846e-01
8.483035903534478228e-01
8.520884004794220257e-01
8.558242904621209401e-01
8.595113075115156098e-01
8.631494990107649867e-01
8.667389124691283753e-01
8.702795954754590779e-01
8.737715958704437291e-01
8.772149617219211493e-01
8.806097408678018601e-01
8.839559811053605554e-01
8.872537301569244361e-01
8.905030356342392706e-01
8.937039450034539589e-01
8.968565055506477757e-01
8.999607643478336749e-01
9.030167682193585010e-01
9.060245637728894241e-01
9.089841976136427970e-01
9.118957158663624218e-01
9.147591642920354094e-01
9.175745882947998755e-01
9.203420328965130626e-01
9.230615427117675464e-01
9.257331619233067910e-01
9.283569342577786543e-01
9.309329029617814388e-01
9.334611107854350331e-01
9.359416001741910351e-01
9.383744130160073249e-01
9.407595905844861051e-01
9.430971735961424240e-01
9.453872021924586422e-01
9.476297159222690780e-01
9.498247537244384198e-01
9.519723539107930455e-01
9.540725541492693917e-01
9.561253914472357396e-01
9.581309022284834054e-01
9.600891223394850682e-01
9.620000868361495705e-01
9.638638300755452137e-01
9.656803857048915640e-01
9.674497866493667608e-01
9.691720651001379805e-01
9.708472525025843014e-01
9.724753795446851035e-01
9.740564761455460241e-01
9.755905714691330832e-01
9.770776940223430129e-01
9.785178714543074641e-01
9.799111306053168713e-01
9.812574975140572198e-01
9.825569974094703340e-01
9.838096547027868066e-01
9.850154929797153569e-01
9.861745349927669713e-01
9.872868026536935071e-01
9.883523170284580495e-01
9.893710984191446123e-01
9.903431662661331680e-01
9.912685391206574881e-01
9.921472346732858050e-01
9.929792697488869502e-01
9.937646603017432634e-01
9.945034214107986159e-01
9.951955672750244508e-01
9.958411112088918493e-01
9.964400656379327481e-01
9.969924421320069952e-01
9.974982514160494196e-01
9.979575032779218757e-01
9.983702066108218753e-01
9.987363694116463408e-01
9.990559987786093998e-01
9.993291009089871890e-01
9.995556810969797867e-01
9.997357437316817252e-01
9.998692922951498696e-01
9.999563293707471878e-01
9.999968566915835577e-01
